564.02,119.31
73.60,19.76
715.56,1.27
1011.33,107.06
1073.59,10.09
439.62,190.06
63.69,104.80
503.83,26.85
948.43,105.60
558.15,5.46
29.79,83.86
772.11,92.21
762.99,11.73
512.83,168.28
328.41,60.06
646.65,51.74
855.97,89.76
618.97,10.97
849.60,58.78
13.13,143.13
704.06,29.47
820.14,139.96
641.16,79.91
275.80,94.12
717.44,85.96
749.92,10.83
315.14,54.09
276.74,130.28
764.64,76.40
775.96,146.65
740.81,82.93
511.32,77.68
188.36,136.60
738.40,36.62
806.18,70.63
344.98,86.23
264.47,25.16
884.51,139.01
830.65,100.84
276.88,78.35
521.99,54.00
812.22,38.39
689.42,55.25
768.34,91.09
335.90,5.34
240.44,167.59
768.41,101.75
757.75,89.91
251.35,78.29
462.10,39.33
895.39,87.47
665.77,101.99
106.43,52.72
520.45,138.54
834.53,93.33
704.87,52.44
878.66,117.83
184.10,55.96
359.43,83.19
899.99,97.44
577.88,65.35
185.72,103.50
547.29,69.13
774.00,108.75
646.13,75.21
34.54,56.36
622.11,102.32
846.38,142.21
766.60,77.14
599.95,144.56
187.55,34.18
485.60,123.88
795.77,59.63
646.28,56.20
39.62,114.89
697.65,148.03
794.49,94.84
513.47,113.32
147.74,27.64
600.58,125.57
856.22,48.19
805.21,44.36
661.47,133.76
64.19,126.01
611.96,54.59
805.03,104.44
462.35,29.00
104.99,120.82
708.36,40.70
757.25,79.27
437.42,130.89
199.69,123.86
728.61,64.06
809.69,104.82
866.68,0.83
572.61,123.45
41.61,29.79
619.64,97.89
730.46,134.65
548.81,113.55
122.37,99.99
802.57,120.47
789.35,26.67
395.54,129.54
372.27,53.18
661.62,69.53
711.46,134.14
785.58,107.00
518.46,117.10
99.55,126.42
666.41,54.79
865.22,166.75
487.70,33.50
196.78,152.52
823.76,141.68
647.34,140.22
380.89,102.74
278.08,109.05
768.12,8.23
800.97,137.85
786.67,19.75
387.12,144.61
225.41,111.63
685.52,130.63
753.90,130.45
329.54,73.71
300.76,7.55
801.11,140.03
685.08,1.66
245.69,152.27
535.39,149.71
749.32,119.12
675.15,161.30
734.21,61.82
331.77,62.07
260.80,146.87
764.69,1.70
735.07,172.35
229.02,117.84
419.09,125.46
821.71,144.97
606.24,77.30
83.93,88.76
516.69,176.78
751.11,0.61
602.04,145.66
812.81,110.22
359.39,117.67
389.41,192.57
758.06,95.57
672.85,75.87
145.48,129.52
411.66,39.85
787.52,138.45
585.13,164.00
6.15,47.79
658.05,203.24
769.76,101.10
472.42,76.99
638.46,161.24
133.02,53.85
409.18,142.29
779.12,142.57
636.27,77.85
70.78,183.79
574.95,55.51
848.01,91.72
456.01,116.95
127.01,71.46
674.85,147.64
662.37,146.08
372.55,44.99
654.19,177.81
3.28,43.30
600.40,104.67
774.25,154.04
27.58,22.80
4.96,13.39
38.56,34.08
17.62,32.76
319.67,32.36
443.28,115.97
115.33,20.23
565.84,129.73
674.49,107.10
564.52,60.84
684.56,107.39
128.54,142.44
237.44,19.75
744.83,158.22
557.88,60.10
215.25,171.62
537.04,107.79
704.78,26.20
571.34,78.83
58.96,141.41
497.33,45.56
802.79,63.63
732.69,35.98
695.83,152.95
191.12,80.51
484.75,55.47
772.40,127.70
536.95,128.81
8.28,48.85
599.12,144.09
678.03,0.47
490.17,173.26
110.92,108.57
646.95,65.44
785.32,128.76
700.21,118.25
612.96,68.18
60.86,115.69
495.98,10.71
746.90,181.88
565.25,91.70
38.89,59.90
663.57,115.46
760.19,111.11
359.39,77.12
296.68,159.57
640.91,28.04
694.62,206.03
706.26,82.77
535.79,83.51
51.73,132.62
696.90,137.15
728.50,71.51
391.01,134.01
154.88,23.70
708.53,229.71
648.64,108.47
344.92,73.66
274.27,131.66
713.62,140.68
550.31,98.28
877.57,136.14
345.86,18.19
84.53,209.52
706.57,76.74
607.35,97.05
393.39,112.52
329.33,155.63
698.21,107.90
784.06,158.46
157.91,32.77
448.85,239.86
728.72,60.06
627.97,108.11
718.39,144.80
316.19,111.92
194.37,148.41
649.48,113.82
744.14,21.65
285.29,203.27
448.21,62.11
687.49,88.88
565.10,109.96
3.13,111.99
449.85,175.64
665.64,154.25
693.40,44.44
715.08,210.69
284.96,34.61
373.63,106.85
745.54,98.61
582.88,90.63
88.04,149.22
499.77,112.08
674.46,36.97
609.80,188.12
40.45,36.55
581.53,97.17
769.76,123.42
712.01,33.01
637.86,180.39
108.06,115.64
378.65,64.80
708.86,179.41
622.85,30.40
28.91,84.10
621.47,156.89
692.30,40.43
439.45,245.01
210.92,123.46
571.60,83.44
701.67,212.63
702.42,20.51
598.69,94.25
64.91,124.50
522.55,69.67
811.20,227.15
454.54,138.35
75.98,73.53
631.19,188.63
642.18,11.98
370.34,43.99
223.05,153.22
660.50,28.98
708.30,187.13
765.01,85.13
475.75,75.02
63.17,182.65
572.23,13.13
748.40,72.03
464.18,145.74
98.18,11.29
730.51,171.67
751.06,111.52
336.80,116.80
434.08,104.79
586.88,11.20
786.64,41.50
735.35,159.07
487.65,4.09
80.89,184.44
653.55,135.75
828.02,116.47
297.37,143.42
276.48,28.35
755.34,55.05
618.84,170.47
226.82,48.48
436.03,186.51
775.84,68.21
733.24,70.39
779.80,134.93
305.46,11.97
268.19,79.04
711.93,161.75
686.36,15.77
268.71,165.09
303.08,76.33
805.00,66.74
717.04,122.47
270.65,11.34
579.69,86.72
768.43,148.78
570.92,39.64
681.05,133.87
267.43,80.51
288.98,107.57
719.97,110.65
709.67,27.97
179.30,75.43
503.35,139.21
821.77,33.40
508.74,158.29
4.04,114.72
547.89,111.62
733.64,99.11
579.92,14.50
718.76,79.13
177.36,131.69
468.41,45.29
804.69,146.36
573.73,57.36
16.58,87.71
535.54,103.74
752.40,48.18
450.92,128.41
29.19,148.35
752.98,65.68
789.35,141.98
434.55,27.53
647.29,109.74
82.13,97.85
489.70,60.09
569.96,114.42
1062.20,165.51
155.16,101.72
451.92,136.94
1141.60,44.24
359.94,88.14
183.81,85.25
769.18,65.02
472.21,111.96
499.64,164.57
701.62,53.16
76.08,108.28
596.90,14.58
1064.64,103.74
222.81,74.56
207.61,61.03
1030.60,148.80
321.31,145.21
917.36,96.04
475.76,120.79
473.50,5.01
1124.85,148.48
1087.58,74.13
166.18,82.29
100.79,130.28
523.45,130.54
852.04,115.29
197.67,113.41
250.89,2.77
1230.78,139.52
326.61,66.90
642.57,89.32
904.74,82.87
408.69,118.92
980.10,93.63
1002.51,87.92
40.41,20.03
85.03,141.38
932.17,42.69
595.75,117.39
443.97,151.45
524.69,101.40
762.03,127.08
654.35,116.11
5.70,35.96
404.57,117.04
756.49,10.81
598.43,104.57
754.67,135.76
220.21,95.16
435.67,124.31
806.05,127.19
609.46,11.66
61.97,172.70
432.61,16.10
816.23,155.81
572.37,128.39
81.29,164.85
719.51,95.35
857.93,112.86
454.73,1.92
592.23,134.58
122.84,5.12
461.07,98.53
740.74,125.42
571.28,87.49
30.96,119.60
644.30,97.90
836.67,23.76
408.47,120.14
215.38,19.25
685.29,136.55
673.75,132.84
350.11,136.71
613.01,132.30
38.06,107.30
574.40,21.31
902.27,127.69
484.99,10.63
124.10,184.85
611.80,171.78
776.14,110.60
329.73,157.57
207.15,95.94
775.34,48.32
692.70,189.12
217.17,17.20
405.46,144.84
150.85,148.74
672.15,119.99
727.75,157.64
310.88,92.32
161.10,37.21
721.35,155.11
773.45,16.22
246.78,168.24
423.51,163.75
775.66,141.30
588.30,152.90
61.37,105.85
431.08,13.04
198.41,168.94
689.09,25.92
754.36,140.62
303.05,113.97
351.57,115.61
763.49,138.18
636.59,117.86
41.38,73.44
421.32,159.19
762.43,55.56
566.89,180.10
1.86,151.92
204.23,124.79
379.61,175.38
758.08,101.24
594.88,66.90
89.33,162.67
438.85,45.99
754.00,159.56
502.74,190.44
13.08,91.88
621.66,134.85
812.29,72.74
424.46,117.87
185.44,182.37
151.65,88.38
456.45,171.38
694.59,199.93
551.17,80.19
11.92,200.27
590.61,67.14
751.51,130.12
462.60,189.06
157.02,79.01
615.03,131.51
755.69,140.78
368.14,77.73
620.16,192.77
145.38,56.59
604.03,116.75
753.21,178.76
416.80,74.09
163.64,156.12
559.00,204.34
647.21,47.60
330.99,157.77
170.18,37.71
831.36,240.03
587.12,82.36
353.14,67.75
337.23,130.55
73.44,206.72
608.39,27.80
586.04,208.45
385.99,2.34
218.05,135.04
549.22,118.39
799.35,16.95
115.63,112.38
331.47,106.35
670.25,40.06
499.65,186.57
161.24,78.00
379.58,149.23
136.19,163.55
640.93,102.96
743.89,89.34
356.85,170.21
382.17,6.90
657.71,222.30
601.11,5.35
50.62,213.48
275.27,153.21
726.93,186.46
564.33,87.33
113.39,159.78
264.54,31.49
312.77,223.11
697.24,2.07
590.10,135.48
171.02,194.42
353.25,142.67
681.87,198.22
569.17,149.34
78.58,63.88
476.65,232.84
745.17,117.99
425.31,210.59
1.26,210.70
283.03,154.38
235.05,154.86
718.02,161.21
639.75,26.61
101.11,200.91
479.30,4.63
706.19,238.01
420.20,95.53
1.99,111.95
580.62,155.83
682.32,185.47
417.95,48.29
155.75,250.81
113.51,41.77
572.62,260.01
672.70,80.11
495.10,161.29
67.86,95.31
433.91,141.62
703.49,4.04
490.84,231.21
142.62,34.92
578.76,195.62
748.16,153.31
307.62,164.92